Eta = 0.00015

[[ 1.0, 1.0, 1.0, 1.0, 1.0, 1.0, 1.0, 5.0, 5.0, 5.0, 1.0, 1.0, 10.0, 5.0, 2.0],
 [ 1.0, 1.0, 1.0, 1.0, 1.0, 1.0, 1.0, 5.0, 5.0, 5.0, 1.0, 1.0, 10.0, 5.0, 3.0],
 [ 1.0, 1.0, 1.0, 1.0, 1.0, 1.0, 1.0, 5.0, 5.0, 15.0, 1.0, 1.0, 10.0, 4.0, 1.0],
 [ 15.0, 1.0, 1.0, 1.0, 1.0, 1.0, 1.0, 1.0, 1.0, 1.0, 1.0, 1.0, 1.0, 1.0, 1.0],
 [ 15.0, 1.0, 1.0, 1.0, 1.0, 1.0, 1.0, 1.0, 1.0, 1.0, 1.0, 1.0, 1.0, 1.0, 1.0],
 [ 15.0, 1.0, 1.0, 1.0, 1.0, 1.0, 1.0, 1.0, 1.0, 1.0, 1.0, 1.0, 1.0, 1.0, 1.0],
 [ 1.0, 1.0, 7.0, 1.0, 1.0, 1.0, 1.0, 1.0, 1.0, 1.0, 1.0, 1.0, 1.0, 1.0, 1.0],
 [ 1.0, 1.0, 9.0, 1.0, 1.0, 1.0, 1.0, 10.0, 12.0, 1.0, 1.0, 1.0, 1.0, 1.0, 1.0],
 [ 1.0, 1.0, 1.0, 1.0, 1.0, 1.0, 1.0, 1.0, 11.0, 1.0, 1.0, 1.0, 1.0, 1.0, 1.0],
 [ 1.0, 1.0, 1.0, 1.0, 1.0, 1.0, 1.0, 1.0, 1.0, 1.0, 1.0, 1.0, 1.0, 1.0, 1.0],
 [ 1.0, 1.0, 1.0, 1.0, 1.0, 1.0, 1.0, 1.0, 1.0, 1.0, 1.0, 1.0, 1.0, 1.0, 1.0],
 [ 1.0, 1.0, 1.0, 1.0, 1.0, 1.0, 1.0, 1.0, 1.0, 1.0, 1.0, 1.0, 1.0, 1.0, 1.0],
 [ 1.0, 1.0, 1.0, 1.0, 1.0, 1.0, 1.0, 1.0, 1.0, 1.0, 1.0, 1.0, 10.0, 10.0, 10.0],
 [ 1.0, 1.0, 1.0, 1.0, 1.0, 1.0, 1.0, 1.0, 1.0, 1.0, 1.0, 1.0, 10.0, 10.0, 10.0],
 [ 1.0, 1.0, 1.0, 1.0, 1.0, 1.0, 1.0, 1.0, 1.0, 1.0, 1.0, 1.0, 10.0, 10.0, 10.0]]

Eta = 0.0015

[[1,1,5,2,2,1,1,1,1],
 [1,1,13,4,4,1,1,1,1],
 [1,4,10,1,1,15,10,1,1],
 [1,1,1,1,1,5,4,1,1],
 [1,1,5,5,5,1,3,1,1],
 [1,1,11,1,1,3,3,1,1],
 [2,3,10,11,1,5,1,1,1],
 [1,1,13,4,4,1,1,1,1],
 [1,1,11,1,1,3,3,1,1]]


Eta=0.015

[[1,1,5,2,2,1,1],
 [1,1,13,4,4,1,1],
 [1,4,10,1,1,15,10],
 [1,1,1,1,1,5,4],
 [1,1,5,5,5,1,3],
 [1,1,11,1,1,3,3],
 [2,3,10,11,1,5,1]]

100X100 WORLD:::

    rewardmap = np.ones((100,100))
    rewardmap[90:100,95:100] = 10
    rewardmap[0:5,0:10] = 5 
    rewardmap[0:15,0:3] = 7
    rewardmap[95:100,0:15] = 3
    rewardmap[20:24,3:9] = 15
    rewardmap[56:60,71:73] = 12
    rewardmap[88:91,44:50] = 6

# To get the expected total reward : 

>>> rewardmap=np.array([[1,1,5,2,2,1,1,1,1],[1,1,13,4,4,1,1,1,1],[1,4,10,1,1,15,10,1,1],[1,1,1,1,1,5,4,1,1],[1,1,5,5,5,1,3,1,1],[1,1,11,1,1,3,3,1,1],[2,3,10,11,1,5,1,1,1],[1,1,13,4,4,1,1,1,1],[1,1,11,1,1,3,3,1,1]])
>>> r_list = rewardmap.flatten().tolist()
>>> r_list.sort(reverse=True)
>>> sum(r_list[0:70])
